 nc6a SLR 0.5           ! 32 CHAR   padcirc 47.38         !   eastcoast_95d_ll_select
         86         10   0.6000000E+04   600     2 FileFmtVersion:    1050624
      0.6000000000E+04            600
         1   0.46946817E-03  -0.36869253E-03
         2   0.51410988E-03  -0.40338271E-03
         3   0.83905597E-03  -0.54564678E-03
         4  -0.12453414E-03  -0.19143270E-03
         5  -0.12458005E-03  -0.19126321E-03
         6  -0.12479748E-03  -0.19105352E-03
         7  -0.12479868E-03  -0.19114418E-03
         8  -0.12480606E-03  -0.19124137E-03
         9   0.73363560E-03  -0.44465314E-03
        10   0.57809389E-03  -0.38523369E-03
      0.1200000000E+05           1200
         1   0.18117711E-02  -0.35603160E-03
         2   0.19858726E-02  -0.41164997E-03
         3   0.32129920E-02  -0.54309332E-03
         4  -0.36482423E-03  -0.63485451E-03
         5  -0.36457926E-03  -0.63482902E-03
         6  -0.36413422E-03  -0.63486549E-03
         7  -0.36424247E-03  -0.63489002E-03
         8  -0.36435315E-03  -0.63491891E-03
         9   0.22540865E-02  -0.18564408E-03
        10   0.22106840E-02  -0.32305344E-03
      0.1800000000E+05           1800
         1  -0.41690749E-03  -0.13328744E-02
         2  -0.47527234E-03  -0.15619031E-02
         3  -0.72738189E-03  -0.21385365E-02
         4  -0.78401993E-03  -0.12281052E-02
         5  -0.78412332E-03  -0.12280190E-02
         6  -0.78383008E-03  -0.12277813E-02
         7  -0.78370725E-03  -0.12278064E-02
         8  -0.78355960E-03  -0.12278284E-02
         9  -0.10940574E-02  -0.10759795E-02
        10  -0.45259021E-03  -0.12188484E-02
      0.2400000000E+05           2400
         1   0.15607170E-02  -0.33960183E-02
         2   0.16944346E-02  -0.37580373E-02
         3   0.28308479E-02  -0.50600400E-02
         4  -0.11496338E-02  -0.18171106E-02
         5  -0.11499024E-02  -0.18170171E-02
         6  -0.11494159E-02  -0.18163864E-02
         7  -0.11491409E-02  -0.18163538E-02
         8  -0.11488151E-02  -0.18162993E-02
         9   0.29446684E-02  -0.35518230E-02
        10   0.19864890E-02  -0.34562044E-02
      0.3000000000E+05           3000
         1   0.12955886E-02  -0.62367673E-02
         2   0.13846048E-02  -0.68807243E-02
         3   0.24394321E-02  -0.90119815E-02
         4  -0.15103201E-02  -0.23674263E-02
         5  -0.15104713E-02  -0.23669349E-02
         6  -0.15098545E-02  -0.23659362E-02
         7  -0.15096447E-02  -0.23661363E-02
         8  -0.15093893E-02  -0.23663361E-02
         9   0.17181673E-02  -0.62705200E-02
        10   0.17626757E-02  -0.62300971E-02
      0.3600000000E+05           3600
         1   0.29997239E-03  -0.54982073E-02
         2   0.27395083E-03  -0.63401937E-02
         3   0.57430409E-03  -0.89147179E-02
         4  -0.18639984E-02  -0.27861827E-02
         5  -0.18643773E-02  -0.27854943E-02
         6  -0.18635873E-02  -0.27836708E-02
         7  -0.18631828E-02  -0.27838831E-02
         8  -0.18627014E-02  -0.27840740E-02
         9   0.55794634E-03  -0.52502917E-02
        10   0.53816591E-03  -0.53588892E-02
      0.4200000000E+05           4200
         1   0.20087975E-02  -0.11083882E-01
         2   0.21389116E-02  -0.12347401E-01
         3   0.37347917E-02  -0.17038019E-01
         4  -0.21595408E-02  -0.30926323E-02
         5  -0.21601334E-02  -0.30919411E-02
         6  -0.21587908E-02  -0.30897222E-02
         7  -0.21581410E-02  -0.30898731E-02
         8  -0.21573657E-02  -0.30899833E-02
         9   0.40597870E-02  -0.12491652E-01
        10   0.27248085E-02  -0.11384048E-01
      0.4800000000E+05           4800
         1   0.16350020E-02  -0.21780154E-01
         2   0.16995215E-02  -0.23793028E-01
         3   0.33923292E-02  -0.31797068E-01
         4  -0.23867788E-02  -0.31510534E-02
         5  -0.23873857E-02  -0.31500544E-02
         6  -0.23858820E-02  -0.31472336E-02
         7  -0.23851959E-02  -0.31475137E-02
         8  -0.23843748E-02  -0.31477540E-02
         9   0.31997458E-02  -0.25099949E-01
        10   0.25450119E-02  -0.22585584E-01
      0.5400000000E+05           5400
         1  -0.19809311E-03  -0.21700709E-01
         2  -0.32874634E-03  -0.23958448E-01
         3   0.46095490E-04  -0.32857255E-01
         4  -0.24678641E-02  -0.29986196E-02
         5  -0.24683245E-02  -0.29968914E-02
         6  -0.24673790E-02  -0.29925295E-02
         7  -0.24668898E-02  -0.29930972E-02
         8  -0.24663079E-02  -0.29936217E-02
         9   0.99317509E-03  -0.26073083E-01
        10   0.30022744E-03  -0.22555533E-01
      0.6000000000E+05           6000
         1   0.25533545E-02  -0.13498126E-01
         2   0.27024115E-02  -0.15573011E-01
         3   0.44765505E-02  -0.23952829E-01
         4  -0.25833521E-02  -0.27972243E-02
         5  -0.25835385E-02  -0.27944780E-02
         6  -0.25835924E-02  -0.27895570E-02
         7  -0.25834643E-02  -0.27907816E-02
         8  -0.25833202E-02  -0.27920369E-02
         9   0.48594076E-02  -0.18994573E-01
        10   0.33403141E-02  -0.14407907E-01
      0.6600000000E+05           6600
         1   0.12320181E-02  -0.36297003E-02
         2   0.12801960E-02  -0.52123356E-02
         3   0.17023173E-02  -0.12121025E-01
         4  -0.27474308E-02  -0.26040760E-02
         5  -0.27471193E-02  -0.26003540E-02
         6  -0.27489852E-02  -0.25943124E-02
         7  -0.27495127E-02  -0.25960727E-02
         8  -0.27501637E-02  -0.25979056E-02
         9   0.25181231E-02  -0.10094384E-01
        10   0.13932257E-02  -0.46418688E-02
      0.7200000000E+05           7200
         1   0.28087634E-02   0.12584546E-02
         2   0.30401597E-02   0.24454288E-04
         3   0.42889013E-02  -0.61965871E-02
         4  -0.29639022E-02  -0.24959768E-02
         5  -0.29627806E-02  -0.24914957E-02
         6  -0.29660267E-02  -0.24844472E-02
         7  -0.29673696E-02  -0.24866026E-02
         8  -0.29689850E-02  -0.24888566E-02
         9   0.39083563E-02  -0.58852548E-02
        10   0.31036563E-02  -0.44332117E-04
      0.7800000000E+05           7800
         1   0.21182704E-02   0.24987009E-02
         2   0.23072890E-02   0.14401612E-02
         3   0.29913647E-02  -0.50751909E-02
         4  -0.32543366E-02  -0.24777363E-02
         5  -0.32526740E-02  -0.24725450E-02
         6  -0.32577181E-02  -0.24642849E-02
         7  -0.32597459E-02  -0.24667667E-02
         8  -0.32621892E-02  -0.24693581E-02
         9   0.13503095E-02  -0.59650344E-02
        10   0.21523234E-02   0.65541173E-03
      0.8400000000E+05           8400
         1   0.15955309E-03  -0.14287479E-01
         2   0.14965849E-03  -0.16028825E-01
         3   0.17594104E-03  -0.26516992E-01
         4  -0.35302727E-02  -0.24408911E-02
         5  -0.35281858E-02  -0.24345081E-02
         6  -0.35359713E-02  -0.24248554E-02
         7  -0.35387498E-02  -0.24279877E-02
         8  -0.35421216E-02  -0.24312796E-02
         9  -0.24699099E-03  -0.24942175E-01
        10   0.19599595E-03  -0.17178252E-01
      0.9000000000E+05           9000
         1  -0.22540373E-03  -0.48701864E-01
         2  -0.33877178E-03  -0.52295939E-01
         3   0.76698845E-03  -0.71037425E-01
         4  -0.37536194E-02  -0.22656007E-02
         5  -0.37503315E-02  -0.22579888E-02
         6  -0.37605291E-02  -0.22473520E-02
         7  -0.37645750E-02  -0.22512275E-02
         8  -0.37694534E-02  -0.22553367E-02
         9   0.99024384E-03  -0.63313261E-01
        10   0.68749170E-03  -0.52879481E-01
      0.9600000000E+05           9600
         1  -0.59524108E-02  -0.65722047E-01
         2  -0.66716746E-02  -0.70253056E-01
         3  -0.87163660E-02  -0.92667421E-01
         4  -0.38825272E-02  -0.19850575E-02
         5  -0.38782864E-02  -0.19766358E-02
         6  -0.38913580E-02  -0.19639692E-02
         7  -0.38965634E-02  -0.19681130E-02
         8  -0.39028387E-02  -0.19724710E-02
         9  -0.66966925E-02  -0.82482323E-01
        10  -0.57382313E-02  -0.70242085E-01
      0.1020000000E+06          10200
         1  -0.42552660E-02  -0.65891223E-01
         2  -0.48139020E-02  -0.70462446E-01
         3  -0.56989280E-02  -0.92775440E-01
         4  -0.40867066E-02  -0.17193597E-02
         5  -0.40819051E-02  -0.17106148E-02
         6  -0.40974374E-02  -0.16964847E-02
         7  -0.41034484E-02  -0.17006309E-02
         8  -0.41107069E-02  -0.17049510E-02
         9  -0.19296818E-02  -0.83222230E-01
        10  -0.36561083E-02  -0.70266503E-01
      0.1080000000E+06          10800
         1  -0.34754737E-02  -0.61572114E-01
         2  -0.39423582E-02  -0.65778006E-01
         3  -0.44209415E-02  -0.86499744E-01
         4  -0.43203407E-02  -0.16279068E-02
         5  -0.43151804E-02  -0.16195513E-02
         6  -0.43320165E-02  -0.16054663E-02
         7  -0.43384998E-02  -0.16093342E-02
         8  -0.43463308E-02  -0.16133394E-02
         9   0.61742178E-03  -0.78790258E-01
        10  -0.28139926E-02  -0.65715919E-01
      0.1140000000E+06          11400
         1  -0.10391789E-01  -0.65768430E-01
         2  -0.11543517E-01  -0.69926332E-01
         3  -0.16352666E-01  -0.89944950E-01
         4  -0.45546560E-02  -0.15010887E-02
         5  -0.45498642E-02  -0.14931355E-02
         6  -0.45682835E-02  -0.14783855E-02
         7  -0.45747503E-02  -0.14818517E-02
         8  -0.45826065E-02  -0.14853823E-02
         9  -0.10956230E-01  -0.81278679E-01
        10  -0.10993859E-01  -0.69577651E-01
      0.1200000000E+06          12000
         1  -0.99546055E-02  -0.68280894E-01
         2  -0.11046172E-01  -0.72235148E-01
         3  -0.15360286E-01  -0.91717529E-01
         4  -0.49032374E-02  -0.13524278E-02
         5  -0.49014372E-02  -0.13435880E-02
         6  -0.49212973E-02  -0.13283712E-02
         7  -0.49258017E-02  -0.13324127E-02
         8  -0.49314681E-02  -0.13365839E-02
         9  -0.81193588E-02  -0.83751996E-01
        10  -0.10375122E-01  -0.72177034E-01
      0.1260000000E+06          12600
         1  -0.90008692E-02  -0.77222704E-01
         2  -0.10001217E-01  -0.81195160E-01
         3  -0.13102979E-01  -0.10034668E+00
         4  -0.50625340E-02  -0.10863743E-02
         5  -0.50619617E-02  -0.10755486E-02
         6  -0.50825155E-02  -0.10604408E-02
         7  -0.50862309E-02  -0.10659558E-02
         8  -0.50910200E-02  -0.10718040E-02
         9  -0.60066434E-02  -0.91002666E-01
        10  -0.88618327E-02  -0.80877885E-01
      0.1320000000E+06          13200
         1  -0.15490160E-01  -0.94455417E-01
         2  -0.17175989E-01  -0.98955681E-01
         3  -0.23638885E-01  -0.11857511E+00
         4  -0.52450240E-02  -0.86058608E-03
         5  -0.52445439E-02  -0.84790845E-03
         6  -0.52670185E-02  -0.83244408E-03
         7  -0.52709743E-02  -0.83925980E-03
         8  -0.52760896E-02  -0.84657598E-03
         9  -0.16987943E-01  -0.10417750E+00
        10  -0.16016561E-01  -0.97317781E-01
      0.1380000000E+06          13800
         1  -0.14258842E-01  -0.97802227E-01
         2  -0.15863195E-01  -0.10240279E+00
         3  -0.21140738E-01  -0.12028365E+00
         4  -0.55346048E-02  -0.77123624E-03
         5  -0.55345835E-02  -0.75718385E-03
         6  -0.55600209E-02  -0.74147086E-03
         7  -0.55641152E-02  -0.74925472E-03
         8  -0.55694699E-02  -0.75766395E-03
         9  -0.14497422E-01  -0.10228771E+00
        10  -0.14222360E-01  -0.99388883E-01
      0.1440000000E+06          14400
         1  -0.10479985E-01  -0.93199472E-01
         2  -0.11742793E-01  -0.97550730E-01
         3  -0.14451219E-01  -0.11199642E+00
         4  -0.59635591E-02  -0.84695517E-03
         5  -0.59632840E-02  -0.83285219E-03
         6  -0.59913247E-02  -0.81817675E-03
         7  -0.59960226E-02  -0.82616405E-03
         8  -0.60021349E-02  -0.83483310E-03
         9  -0.85194454E-02  -0.91331801E-01
        10  -0.95613205E-02  -0.93181890E-01
      0.1500000000E+06          15000
         1  -0.12736716E-01  -0.93135868E-01
         2  -0.14273594E-01  -0.97600609E-01
         3  -0.18302853E-01  -0.10980860E+00
         4  -0.64636447E-02  -0.11010076E-02
         5  -0.64638784E-02  -0.10869384E-02
         6  -0.64945040E-02  -0.10732643E-02
         7  -0.64992432E-02  -0.10813874E-02
         8  -0.65054739E-02  -0.10902383E-02
         9  -0.12490242E-01  -0.85079622E-01
        10  -0.12069938E-01  -0.91508301E-01
      0.1560000000E+06          15600
         1  -0.12001562E-01  -0.84875504E-01
         2  -0.13481521E-01  -0.89082219E-01
         3  -0.17293967E-01  -0.98807529E-01
         4  -0.68804757E-02  -0.10557320E-02
         5  -0.68812966E-02  -0.10406294E-02
         6  -0.69146142E-02  -0.10266384E-02
         7  -0.69193546E-02  -0.10354684E-02
         8  -0.69256610E-02  -0.10451138E-02
         9  -0.10204564E-01  -0.74087264E-01
        10  -0.11317870E-01  -0.82247936E-01
      0.1620000000E+06          16200
         1  -0.43598355E-02  -0.72289927E-01
         2  -0.50984313E-02  -0.76233751E-01
         3  -0.43470526E-02  -0.83838050E-01
         4  -0.72347579E-02  -0.88020895E-03
         5  -0.72361442E-02  -0.86346702E-03
         6  -0.72709878E-02  -0.84935684E-03
         7  -0.72755584E-02  -0.85936970E-03
         8  -0.72817140E-02  -0.87035564E-03
         9   0.22376957E-02  -0.59731353E-01
        10  -0.23847337E-02  -0.68894970E-01
      0.1680000000E+06          16800
         1  -0.77072234E-02  -0.63848312E-01
         2  -0.88009521E-02  -0.67718680E-01
         3  -0.10654507E-01  -0.73580791E-01
         4  -0.75108540E-02  -0.70404067E-03
         5  -0.75133338E-02  -0.68522825E-03
         6  -0.75495410E-02  -0.67116382E-03
         7  -0.75535285E-02  -0.68270212E-03
         8  -0.75590593E-02  -0.69542242E-03
         9  -0.31918725E-02  -0.49039364E-01
        10  -0.66085279E-02  -0.59531244E-01
      0.1740000000E+06          17400
         1  -0.54413889E-02  -0.50870017E-01
         2  -0.63036756E-02  -0.54414659E-01
         3  -0.72934869E-02  -0.58868923E-01
         4  -0.77054614E-02  -0.45191569E-03
         5  -0.77082398E-02  -0.43091746E-03
         6  -0.77453956E-02  -0.41712410E-03
         7  -0.77493162E-02  -0.43030852E-03
         8  -0.77547973E-02  -0.44490652E-03
         9   0.33781678E-03  -0.36259465E-01
        10  -0.42849088E-02  -0.46353285E-01
      0.1800000000E+06          18000
         1  -0.35264902E-03  -0.32870924E-01
         2  -0.68128234E-03  -0.35826024E-01
         3   0.81318598E-03  -0.38577083E-01
         4  -0.80080512E-02  -0.19924432E-03
         5  -0.80113055E-02  -0.17634507E-03
         6  -0.80495138E-02  -0.16305776E-03
         7  -0.80532543E-02  -0.17771717E-03
         8  -0.80585599E-02  -0.19400493E-03
         9   0.86443751E-02  -0.20331021E-01
        10   0.12403762E-02  -0.28512945E-01
      0.1860000000E+06          18600
         1   0.30584817E-03  -0.20168805E-01
         2   0.48401464E-04  -0.22891671E-01
         3   0.12939184E-02  -0.24780228E-01
         4  -0.82428922E-02   0.43165514E-04
         5  -0.82468576E-02   0.68040322E-04
         6  -0.82864004E-02   0.80832737E-04
         7  -0.82898335E-02   0.64645470E-04
         8  -0.82948266E-02   0.46608201E-04
         9   0.96664783E-02  -0.88420575E-02
        10   0.15998330E-02  -0.15755427E-01
      0.1920000000E+06          19200
         1   0.24647588E-03  -0.73808006E-02
         2   0.28663141E-04  -0.95677559E-02
         3   0.52716286E-03  -0.10727025E-01
         4  -0.84408215E-02   0.49202221E-03
         5  -0.84454543E-02   0.51875969E-03
         6  -0.84864859E-02   0.53095601E-03
         7  -0.84896683E-02   0.51330742E-03
         8  -0.84944179E-02   0.49359344E-03
         9   0.91690312E-02   0.30121987E-03
        10   0.99941304E-03  -0.36159201E-02
      0.1980000000E+06          19800
         1   0.32964506E-02   0.10173431E-01
         2   0.34614198E-02   0.89464458E-02
         3   0.50785679E-02   0.92189059E-02
         4  -0.87152554E-02   0.92002210E-03
         5  -0.87211796E-02   0.94868783E-03
         6  -0.87642965E-02   0.96064570E-03
         7  -0.87668664E-02   0.94154507E-03
         8  -0.87709777E-02   0.92017480E-03
         9   0.14782544E-01   0.12693675E-01
        10   0.39541770E-02   0.12853848E-01
      0.2040000000E+06          20400
         1   0.13159442E-02   0.14381787E-01
         2   0.13139413E-02   0.13340386E-01
         3   0.13042721E-02   0.13146493E-01
         4  -0.89589193E-02   0.13006513E-02
         5  -0.89670671E-02   0.13314932E-02
         6  -0.90123971E-02   0.13435542E-02
         7  -0.90136916E-02   0.13228745E-02
         8  -0.90164148E-02   0.12997132E-02
         9   0.11160411E-01   0.13997275E-01
        10   0.13140932E-02   0.16395053E-01
      0.2100000000E+06          21000
         1  -0.11791689E-02   0.58420078E-02
         2  -0.13825148E-02   0.47501826E-02
         3  -0.27922239E-02   0.18676597E-02
         4  -0.92676006E-02   0.17176409E-02
         5  -0.92775988E-02   0.17509233E-02
         6  -0.93246554E-02   0.17635381E-02
         7  -0.93248700E-02   0.17411578E-02
         8  -0.93264141E-02   0.17160796E-02
         9   0.67286655E-02   0.18048981E-02
        10  -0.16306007E-02   0.63033462E-02
      0.2160000000E+06          21600
         1  -0.43797984E-02  -0.31280376E-01
         2  -0.48801208E-02  -0.33505809E-01
         3  -0.69074487E-02  -0.44334302E-01
         4  -0.96805526E-02   0.20243869E-02
         5  -0.96923900E-02   0.20602889E-02
         6  -0.97407487E-02   0.20735188E-02
         7  -0.97398235E-02   0.20493164E-02
         8  -0.97401087E-02   0.20221851E-02
         9   0.30702504E-02  -0.39716362E-01
        10  -0.46032886E-02  -0.33389322E-01
      0.2220000000E+06          22200
         1  -0.13809671E-01  -0.10253095E+00
         2  -0.15333131E-01  -0.10770169E+00
         3  -0.20569525E-01  -0.13166901E+00
         4  -0.10118354E-01   0.21486350E-02
         5  -0.10132210E-01   0.21876214E-02
         6  -0.10182239E-01   0.22010210E-02
         7  -0.10180102E-01   0.21745843E-02
         8  -0.10179056E-01   0.21449193E-02
         9  -0.93711353E-02  -0.11204605E+00
        10  -0.13913515E-01  -0.10669694E+00
      0.2280000000E+06          22800
         1  -0.22521230E-01  -0.18027271E+00
         2  -0.25024050E-01  -0.18840362E+00
         3  -0.32441259E-01  -0.22380830E+00
         4  -0.10448459E-01   0.23432749E-02
         5  -0.10463726E-01   0.23852664E-02
         6  -0.10515543E-01   0.23997323E-02
         7  -0.10512658E-01   0.23712632E-02
         8  -0.10510811E-01   0.23393185E-02
         9  -0.20452824E-01  -0.18906339E+00
        10  -0.21962056E-01  -0.18541787E+00
      0.2340000000E+06          23400
         1  -0.30105844E-01  -0.24037907E+00
         2  -0.33451279E-01  -0.24998257E+00
         3  -0.42588742E-01  -0.28827692E+00
         4  -0.10785820E-01   0.26666918E-02
         5  -0.10801897E-01   0.27115150E-02
         6  -0.10855141E-01   0.27276611E-02
         7  -0.10851890E-01   0.26973853E-02
         8  -0.10849669E-01   0.26634342E-02
         9  -0.29191785E-01  -0.24545127E+00
        10  -0.28880153E-01  -0.24428754E+00
      0.2400000000E+06          24000
         1  -0.35855635E-01  -0.27747151E+00
         2  -0.39870514E-01  -0.28759944E+00
         3  -0.50307122E-01  -0.32232132E+00
         4  -0.11176636E-01   0.30821571E-02
         5  -0.11193672E-01   0.31297380E-02
         6  -0.11248063E-01   0.31474133E-02
         7  -0.11244294E-01   0.31153607E-02
         8  -0.11241514E-01   0.30794333E-02
         9  -0.35350299E-01  -0.27659182E+00
        10  -0.34058812E-01  -0.27810672E+00
      0.2460000000E+06          24600
         1  -0.39290667E-01  -0.29146088E+00
         2  -0.43719661E-01  -0.30130870E+00
         3  -0.54994128E-01  -0.32908396E+00
         4  -0.11419738E-01   0.35081276E-02
         5  -0.11437496E-01   0.35583072E-02
         6  -0.11492209E-01   0.35783965E-02
         7  -0.11487962E-01   0.35448255E-02
         8  -0.11484648E-01   0.35072397E-02
         9  -0.40359176E-01  -0.28342691E+00
        10  -0.37161606E-01  -0.28839320E+00
      0.2520000000E+06          25200
         1  -0.38061253E-01  -0.29021715E+00
         2  -0.42411907E-01  -0.29945955E+00
         3  -0.52322923E-01  -0.32042000E+00
         4  -0.11586144E-01   0.42343321E-02
         5  -0.11604507E-01   0.42868989E-02
         6  -0.11658750E-01   0.43099911E-02
         7  -0.11653984E-01   0.42751513E-02
         8  -0.11650069E-01   0.42362070E-02
         9  -0.40073735E-01  -0.27573138E+00
        10  -0.35253246E-01  -0.28419390E+00
      0.2580000000E+06          25800
         1  -0.38300076E-01  -0.28475339E+00
         2  -0.42697407E-01  -0.29350147E+00
         3  -0.52675138E-01  -0.30973935E+00
         4  -0.11697322E-01   0.49487743E-02
         5  -0.11716841E-01   0.50042244E-02
         6  -0.11771061E-01   0.50294224E-02
         7  -0.11765444E-01   0.49928061E-02
         8  -0.11760560E-01   0.49519018E-02
         9  -0.40069355E-01  -0.26854059E+00
        10  -0.35437550E-01  -0.27683508E+00
      0.2640000000E+06          26400
         1  -0.38443308E-01  -0.27929357E+00
         2  -0.42886006E-01  -0.28788952E+00
         3  -0.53044299E-01  -0.30137945E+00
         4  -0.11688981E-01   0.56165244E-02
         5  -0.11709147E-01   0.56755007E-02
         6  -0.11763562E-01   0.57015727E-02
         7  -0.11757502E-01   0.56625112E-02
         8  -0.11752120E-01   0.56188529E-02
         9  -0.41545158E-01  -0.26210714E+00
        10  -0.35599037E-01  -0.26999509E+00
      0.2700000000E+06          27000
         1  -0.33821895E-01  -0.25775297E+00
         2  -0.37846225E-01  -0.26620111E+00
         3  -0.45979886E-01  -0.27719190E+00
         4  -0.11631749E-01   0.64149064E-02
         5  -0.11652170E-01   0.64774425E-02
         6  -0.11707538E-01   0.65051889E-02
         7  -0.11701443E-01   0.64637857E-02
         8  -0.11696048E-01   0.64175133E-02
         9  -0.34440539E-01  -0.23934336E+00
        10  -0.30587963E-01  -0.24721866E+00
      0.2760000000E+06          27600
         1  -0.32024619E-01  -0.24480064E+00
         2  -0.35890010E-01  -0.25329226E+00
         3  -0.43572742E-01  -0.26396718E+00
         4  -0.11815548E-01   0.69445085E-02
         5  -0.11836454E-01   0.70104142E-02
         6  -0.11892790E-01   0.70392492E-02
         7  -0.11886495E-01   0.69955501E-02
         8  -0.11880899E-01   0.69466992E-02
         9  -0.31753992E-01  -0.22654616E+00
        10  -0.28838566E-01  -0.23398282E+00
      0.2820000000E+06          28200
         1  -0.29810058E-01  -0.23945307E+00
         2  -0.33448025E-01  -0.24807398E+00
         3  -0.40115375E-01  -0.26040519E+00
         4  -0.12120567E-01   0.73191769E-02
         5  -0.12142110E-01   0.73883648E-02
         6  -0.12198924E-01   0.74179926E-02
         7  -0.12192238E-01   0.73720139E-02
         8  -0.12186213E-01   0.73205951E-02
         9  -0.26616495E-01  -0.22519734E+00
        10  -0.26464639E-01  -0.22939014E+00
      0.2880000000E+06          28800
         1  -0.28241940E-01  -0.24702205E+00
         2  -0.31722133E-01  -0.25622391E+00
         3  -0.37246997E-01  -0.27265977E+00
         4  -0.12423084E-01   0.75231084E-02
         5  -0.12445458E-01   0.75951208E-02
         6  -0.12501901E-01   0.76265135E-02
         7  -0.12494547E-01   0.75787468E-02
         8  -0.12487751E-01   0.75253454E-02
         9  -0.23336111E-01  -0.23945638E+00
        10  -0.24516275E-01  -0.23829636E+00
      0.2940000000E+06          29400
         1  -0.31190460E-01  -0.26037044E+00
         2  -0.34976985E-01  -0.27030500E+00
         3  -0.42023382E-01  -0.29060159E+00
         4  -0.12704319E-01   0.77138458E-02
         5  -0.12727750E-01   0.77887556E-02
         6  -0.12783876E-01   0.78221860E-02
         7  -0.12775696E-01   0.77726218E-02
         8  -0.12767952E-01   0.77172345E-02
         9  -0.26446499E-01  -0.25823328E+00
        10  -0.27774168E-01  -0.25252106E+00
      0.3000000000E+06          30000
         1  -0.30946651E-01  -0.26206910E+00
         2  -0.34708269E-01  -0.27209301E+00
         3  -0.41545194E-01  -0.29302543E+00
         4  -0.12693132E-01   0.81633081E-02
         5  -0.12716557E-01   0.82419546E-02
         6  -0.12772141E-01   0.82781118E-02
         7  -0.12763878E-01   0.82262449E-02
         8  -0.12756027E-01   0.81683168E-02
         9  -0.24266063E-01  -0.26290173E+00
        10  -0.27452409E-01  -0.25442817E+00
      0.3060000000E+06          30600
         1  -0.32849307E-01  -0.26415676E+00
         2  -0.36778739E-01  -0.27400651E+00
         3  -0.44752138E-01  -0.29477342E+00
         4  -0.12585179E-01   0.87087286E-02
         5  -0.12607770E-01   0.87913581E-02
         6  -0.12661931E-01   0.88315008E-02
         7  -0.12654052E-01   0.87773527E-02
         8  -0.12646598E-01   0.87169429E-02
         9  -0.27467145E-01  -0.26479001E+00
        10  -0.29711052E-01  -0.25677059E+00
      0.3120000000E+06          31200
         1  -0.33419429E-01  -0.28496905E+00
         2  -0.37451003E-01  -0.29583186E+00
         3  -0.44895449E-01  -0.32044652E+00
         4  -0.12496033E-01   0.92889649E-02
         5  -0.12518699E-01   0.93733359E-02
         6  -0.12569661E-01   0.94190357E-02
         7  -0.12561213E-01   0.93645018E-02
         8  -0.12553024E-01   0.93038072E-02
         9  -0.29649242E-01  -0.28185531E+00
        10  -0.29746364E-01  -0.27787707E+00
      0.3180000000E+06          31800
         1  -0.38318129E-01  -0.30748615E+00
         2  -0.42878497E-01  -0.31904756E+00
         3  -0.52389482E-01  -0.34517809E+00
         4  -0.12497217E-01   0.97159551E-02
         5  -0.12521433E-01   0.98006594E-02
         6  -0.12566772E-01   0.98509651E-02
         7  -0.12556286E-01   0.97969253E-02
         8  -0.12545626E-01   0.97369195E-02
         9  -0.38579036E-01  -0.29585886E+00
        10  -0.34834389E-01  -0.29989675E+00
      0.3240000000E+06          32400
         1  -0.40169681E-01  -0.31294433E+00
         2  -0.44888324E-01  -0.32384129E+00
         3  -0.54994036E-01  -0.34644460E+00
         4  -0.12051980E-01   0.10264525E-01
         5  -0.12075220E-01   0.10351268E-01
         6  -0.12111714E-01   0.10405382E-01
         7  -0.12100526E-01   0.10350458E-01
         8  -0.12088824E-01   0.10289552E-01
         9  -0.43576250E-01  -0.29038117E+00
        10  -0.36727948E-01  -0.30454417E+00
      0.3300000000E+06          33000
         1  -0.44967442E-01  -0.31812813E+00
         2  -0.50126788E-01  -0.32831529E+00
         3  -0.62836072E-01  -0.34753091E+00
         4  -0.11288927E-01   0.11133383E-01
         5  -0.11308115E-01   0.11223856E-01
         6  -0.11335610E-01   0.11281187E-01
         7  -0.11325950E-01   0.11224044E-01
         8  -0.11315735E-01   0.11160707E-01
         9  -0.54219061E-01  -0.28678698E+00
        10  -0.42226041E-01  -0.30909598E+00
      0.3360000000E+06          33600
         1  -0.45170049E-01  -0.32084778E+00
         2  -0.50309246E-01  -0.33029656E+00
         3  -0.62716050E-01  -0.34649182E+00
         4  -0.10484750E-01   0.12097305E-01
         5  -0.10497622E-01   0.12190429E-01
         6  -0.10516440E-01   0.12255077E-01
         7  -0.10510020E-01   0.12197164E-01
         8  -0.10503246E-01   0.12133153E-01
         9  -0.54095027E-01  -0.28502273E+00
        10  -0.42283693E-01  -0.31146831E+00
      0.3420000000E+06          34200
         1  -0.46066087E-01  -0.34669843E+00
         2  -0.51366030E-01  -0.35718959E+00
         3  -0.63021590E-01  -0.37571095E+00
         4  -0.10168258E-01   0.12829539E-01
         5  -0.10181068E-01   0.12920083E-01
         6  -0.10189856E-01   0.12994886E-01
         7  -0.10181872E-01   0.12940492E-01
         8  -0.10173045E-01   0.12880762E-01
         9  -0.56928048E-01  -0.30496467E+00
        10  -0.42388063E-01  -0.33661636E+00
      0.3480000000E+06          34800
         1  -0.49832794E-01  -0.38634937E+00
         2  -0.55628151E-01  -0.39859354E+00
         3  -0.67768916E-01  -0.42100718E+00
         4  -0.10498471E-01   0.13479592E-01
         5  -0.10521676E-01   0.13565155E-01
         6  -0.10513233E-01   0.13654901E-01
         7  -0.10494865E-01   0.13606555E-01
         8  -0.10473764E-01   0.13554109E-01
         9  -0.64272338E-01  -0.33650734E+00
        10  -0.45438944E-01  -0.37507354E+00
      0.3540000000E+06          35400
         1  -0.52442948E-01  -0.42388773E+00
         2  -0.58575460E-01  -0.43721345E+00
         3  -0.70358613E-01  -0.46139205E+00
         4  -0.10754664E-01   0.14251798E-01
         5  -0.10795961E-01   0.14336666E-01
         6  -0.10759513E-01   0.14440573E-01
         7  -0.10723389E-01   0.14395008E-01
         8  -0.10681341E-01   0.14346111E-01
         9  -0.69901720E-01  -0.36891136E+00
        10  -0.47138498E-01  -0.41148363E+00
      0.3600000000E+06          36000
         1  -0.55086474E-01  -0.46098257E+00
         2  -0.61534067E-01  -0.47495992E+00
         3  -0.72866206E-01  -0.49933182E+00
         4  -0.10694943E-01   0.15273819E-01
         5  -0.10753632E-01   0.15368618E-01
         6  -0.10681983E-01   0.15478313E-01
         7  -0.10627462E-01   0.15426394E-01
         8  -0.10563540E-01   0.15370439E-01
         9  -0.73073266E-01  -0.40077633E+00
        10  -0.48859129E-01  -0.44736304E+00
      0.3660000000E+06          36600
         1  -0.57802399E-01  -0.51551082E+00
         2  -0.64704652E-01  -0.53185138E+00
         3  -0.74932848E-01  -0.56029022E+00
         4  -0.11099647E-01   0.14893562E-01
         5  -0.11177380E-01   0.14990230E-01
         6  -0.11076606E-01   0.15090434E-01
         7  -0.11003453E-01   0.15035623E-01
         8  -0.10917557E-01   0.14976121E-01
         9  -0.78114347E-01  -0.44734889E+00
        10  -0.49964364E-01  -0.49955550E+00
      0.3720000000E+06          37200
         1  -0.52953235E-01  -0.60416903E+00
         2  -0.59667759E-01  -0.62497294E+00
         3  -0.62352212E-01  -0.66532894E+00
         4  -0.12663125E-01   0.14102397E-01
         5  -0.12769892E-01   0.14206399E-01
         6  -0.12647446E-01   0.14279175E-01
         7  -0.12549529E-01   0.14214589E-01
         8  -0.12434900E-01   0.14143223E-01
         9  -0.73004759E-01  -0.53086343E+00
        10  -0.40855515E-01  -0.58640994E+00
      0.3780000000E+06          37800
         1  -0.54125935E-01  -0.70958389E+00
         2  -0.61306255E-01  -0.73582031E+00
         3  -0.59735171E-01  -0.79091089E+00
         4  -0.15192783E-01   0.13938022E-01
         5  -0.15327754E-01   0.14061083E-01
         6  -0.15200390E-01   0.14099093E-01
         7  -0.15081006E-01   0.14014959E-01
         8  -0.14941851E-01   0.13920421E-01
         9  -0.73667248E-01  -0.63276883E+00
        10  -0.38454518E-01  -0.68977083E+00
      0.3840000000E+06          38400
         1  -0.34249669E-01  -0.75756343E+00
         2  -0.40240927E-01  -0.79356659E+00
         3  -0.24518567E-01  -0.87175216E+00
         4  -0.17958807E-01   0.15445194E-01
         5  -0.18111458E-01   0.15602863E-01
         6  -0.18000790E-01   0.15612216E-01
         7  -0.17871119E-01   0.15498110E-01
         8  -0.17720739E-01   0.15368730E-01
         9  -0.55395764E-01  -0.67804397E+00
        10  -0.12301378E-01  -0.73196744E+00
      0.3900000000E+06          39000
         1   0.12360974E-01  -0.71706584E+00
         2   0.10174829E-01  -0.75975666E+00
         3   0.54463938E-01  -0.84096243E+00
         4  -0.20146812E-01   0.18484868E-01
         5  -0.20304561E-01   0.18675019E-01
         6  -0.20221601E-01   0.18679891E-01
         7  -0.20092636E-01   0.18541252E-01
         8  -0.19943822E-01   0.18383874E-01
         9   0.30503042E-01  -0.59920023E+00
        10   0.44103394E-01  -0.67963383E+00
      0.3960000000E+06          39600
         1   0.44776360E-01  -0.71662389E+00
         2   0.45615851E-01  -0.76260979E+00
         3   0.11041162E+00  -0.85761725E+00
         4  -0.19833792E-01   0.20485926E-01
         5  -0.19987120E-01   0.20694056E-01
         6  -0.19915415E-01   0.20704450E-01
         7  -0.19791496E-01   0.20553515E-01
         8  -0.19648726E-01   0.20382319E-01
         9   0.73459709E-01  -0.61671299E+00
        10   0.82947163E-01  -0.68094072E+00
      0.4020000000E+06          40200
         1   0.26482563E-01  -0.19420125E+00
         2   0.25677219E-01  -0.23149325E+00
         3   0.49731720E-01  -0.29106110E+00
         4  -0.19298568E-01   0.20943480E-01
         5  -0.19450280E-01   0.21157699E-01
         6  -0.19381938E-01   0.21173908E-01
         7  -0.19259742E-01   0.21019439E-01
         8  -0.19119024E-01   0.20844392E-01
         9   0.29502913E-01  -0.10501036E+00
        10   0.42940361E-01  -0.15450434E+00
      0.4080000000E+06          40800
         1   0.15118685E+00   0.73160582E+00
         2   0.16378898E+00   0.72657310E+00
         3   0.22765281E+00   0.80060589E+00
         4  -0.18907543E-01   0.20943342E-01
         5  -0.19061048E-01   0.21160338E-01
         6  -0.18994445E-01   0.21186480E-01
         7  -0.18871214E-01   0.21031568E-01
         8  -0.18729368E-01   0.20856291E-01
         9   0.14207314E+00   0.89562195E+00
        10   0.16469580E+00   0.78748857E+00
      0.4140000000E+06          41400
         1   0.11098629E+00   0.10991496E+01
         2   0.12239514E+00   0.11211714E+01
         3   0.13875764E+00   0.12137186E+01
         4  -0.17118506E-01   0.21171805E-01
         5  -0.17270863E-01   0.21388660E-01
         6  -0.17196599E-01   0.21430839E-01
         7  -0.17072982E-01   0.21278603E-01
         8  -0.16930485E-01   0.21106808E-01
         9   0.12653992E+00   0.11836965E+01
        10   0.97695878E-01   0.11110267E+01
      0.4200000000E+06          42000
         1   0.12781372E+00   0.92514725E+00
         2   0.14128760E+00   0.94257361E+00
         3   0.17491072E+00   0.98403049E+00
         4  -0.16193931E-01   0.22173046E-01
         5  -0.16345332E-01   0.22396678E-01
         6  -0.16265239E-01   0.22451987E-01
         7  -0.16141388E-01   0.22296886E-01
         8  -0.15998463E-01   0.22122201E-01
         9   0.18024946E+00   0.91710680E+00
        10   0.12092051E+00   0.91498262E+00
      0.4260000000E+06          42600
         1   0.10808707E+00   0.74391346E+00
         2   0.11962404E+00   0.75764742E+00
         3   0.14910414E+00   0.77841143E+00
         4  -0.14557941E-01   0.23558426E-01
         5  -0.14706023E-01   0.23788925E-01
         6  -0.14616373E-01   0.23860760E-01
         7  -0.14493423E-01   0.23703274E-01
         8  -0.14351259E-01   0.23526335E-01
         9   0.16423506E+00   0.69862422E+00
        10   0.10260978E+00   0.72857123E+00
      0.4320000000E+06          43200
         1   0.93229343E-01   0.65087168E+00
         2   0.10345250E+00   0.66523823E+00
         3   0.12848798E+00   0.68486898E+00
         4  -0.13583387E-01   0.24453961E-01
         5  -0.13731042E-01   0.24692760E-01
         6  -0.13633790E-01   0.24775709E-01
         7  -0.13509933E-01   0.24613921E-01
         8  -0.13366529E-01   0.24432400E-01
         9   0.14364524E+00   0.58619138E+00
        10   0.87706336E-01   0.63353635E+00
      0.4380000000E+06          43800
         1   0.80034142E-01   0.63826600E+00
         2   0.89108657E-01   0.65546406E+00
         3   0.10711234E+00   0.68692159E+00
         4  -0.11719718E-01   0.25538966E-01
         5  -0.11861052E-01   0.25785177E-01
         6  -0.11753882E-01   0.25880446E-01
         7  -0.11633071E-01   0.25715197E-01
         8  -0.11492853E-01   0.25530087E-01
         9   0.12415219E+00   0.57986653E+00
        10   0.72534428E-01   0.62241303E+00
      0.4440000000E+06          44400
         1   0.81168051E-01   0.55646443E+00
         2   0.90081766E-01   0.57023410E+00
         3   0.11327322E+00   0.59593671E+00
         4  -0.10536344E-01   0.26635035E-01
         5  -0.10673725E-01   0.26890722E-01
         6  -0.10561201E-01   0.26996234E-01
         7  -0.10442429E-01   0.26825679E-01
         8  -0.10304379E-01   0.26634823E-01
         9   0.12460570E+00   0.52003498E+00
        10   0.77191358E-01   0.54408942E+00
      0.4500000000E+06          45000
         1   0.63915762E-01   0.46206170E+00
         2   0.71052861E-01   0.47321304E+00
         3   0.87373366E-01   0.48790489E+00
         4  -0.86179292E-02   0.28224641E-01
         5  -0.87468298E-02   0.28490523E-01
         6  -0.86268401E-02   0.28609998E-01
         7  -0.85130889E-02   0.28434208E-01
         8  -0.83805373E-02   0.28237790E-01
         9   0.10027712E+00   0.41684014E+00
        10   0.59347382E-01   0.44827013E+00
      0.4560000000E+06          45600
         1   0.61477739E-01   0.40988361E+00
         2   0.68372618E-01   0.42004069E+00
         3   0.85743126E-01   0.42949199E+00
         4  -0.69845164E-02   0.29742120E-01
         5  -0.71037860E-02   0.30018752E-01
         6  -0.69753740E-02   0.30150922E-01
         7  -0.68673339E-02   0.29969286E-01
         8  -0.67410382E-02   0.29766576E-01
         9   0.97822956E-01   0.35394375E+00
        10   0.58051796E-01   0.39490191E+00
      0.4620000000E+06          46200
         1   0.55070512E-01   0.34898696E+00
         2   0.61286774E-01   0.35759775E+00
         3   0.77477712E-01   0.36082718E+00
         4  -0.49572123E-02   0.30901782E-01
         5  -0.50650876E-02   0.31186336E-01
         6  -0.49260088E-02   0.31332521E-01
         7  -0.48246128E-02   0.31147323E-01
         8  -0.47055708E-02   0.30940954E-01
         9   0.88622267E-01   0.28757830E+00
        10   0.52308103E-01   0.33334147E+00
      0.4680000000E+06          46800
         1   0.45837115E-01   0.29210630E+00
         2   0.51095049E-01   0.29951713E+00
         3   0.64182605E-01   0.29895213E+00
         4  -0.27766607E-02   0.31915628E-01
         5  -0.28730481E-02   0.32206371E-01
         6  -0.27221282E-02   0.32366399E-01
         7  -0.26272566E-02   0.32178884E-01
         8  -0.25152999E-02   0.31970264E-01
         9   0.72751319E-01   0.22977901E+00
        10   0.43126693E-01   0.27658220E+00
      0.4740000000E+06          47400
         1   0.40370778E-01   0.24588643E+00
         2   0.45019295E-01   0.25217824E+00
         3   0.57025524E-01   0.24934054E+00
         4  -0.23880621E-03   0.33155211E-01
         5  -0.32263800E-03   0.33450214E-01
         6  -0.15750859E-03   0.33624920E-01
         7  -0.69564452E-04   0.33436634E-01
         8   0.34914454E-04   0.33227546E-01
         9   0.62846540E-01   0.18618011E+00
        10   0.38242659E-01   0.23125481E+00
      0.4800000000E+06          48000
         1   0.33041895E-01   0.20380193E+00
         2   0.36921466E-01   0.20937568E+00
         3   0.46464615E-01   0.20559093E+00
         4   0.22644933E-02   0.33976941E-01
         5   0.21918457E-02   0.34273589E-01
         6   0.23737023E-02   0.34462377E-01
         7   0.24561283E-02   0.34275143E-01
         8   0.25548002E-02   0.34067639E-01
         9   0.48515250E-01   0.14839334E+00
        10   0.30972127E-01   0.19005774E+00
      0.4860000000E+06          48600
         1   0.26442022E-01   0.17072502E+00
         2   0.29634045E-01   0.17595343E+00
         3   0.36821121E-01   0.17302294E+00
         4   0.47574888E-02   0.34624555E-01
         5   0.46945292E-02   0.34920662E-01
         6   0.48958404E-02   0.35122248E-01
         7   0.49742825E-02   0.34937462E-01
         8   0.50689656E-02   0.34733094E-01
         9   0.35104190E-01   0.12147771E+00
        10   0.24329788E-01   0.15821393E+00
      0.4920000000E+06          49200
         1   0.19378701E-01   0.14069302E+00
         2   0.21862098E-01   0.14593530E+00
         3   0.26290495E-01   0.14488316E+00
         4   0.71996108E-02   0.35026734E-01
         5   0.71442947E-02   0.35320279E-01
         6   0.73671353E-02   0.35533863E-01
         7   0.74434252E-02   0.35352879E-01
         8   0.75362583E-02   0.35153162E-01
         9   0.20692841E-01   0.99215595E-01
        10   0.17019311E-01   0.12930990E+00
      0.4980000000E+06          49800
         1   0.13679413E-01   0.11122559E+00
         2   0.15586377E-01   0.11655947E+00
         3   0.18198366E-01   0.11804996E+00
         4   0.95816798E-02   0.35401124E-01
         5   0.95318971E-02   0.35691268E-01
         6   0.97770544E-02   0.35916724E-01
         7   0.98528654E-02   0.35740139E-01
         8   0.99457711E-02   0.35545746E-01
         9   0.73222754E-02   0.80336939E-01
        10   0.11382243E-01   0.10122019E+00
      0.5040000000E+06          50400
         1   0.56160430E-02   0.73845562E-01
         2   0.66881268E-02   0.78872970E-01
         3   0.62762707E-02   0.81830050E-01
         4   0.11834594E-01   0.35743501E-01
         5   0.11788733E-01   0.36030495E-01
         6   0.12056652E-01   0.36267547E-01
         7   0.12133238E-01   0.36095131E-01
         8   0.12227652E-01   0.35905795E-01
         9  -0.89041107E-02   0.56564660E-01
        10   0.31670269E-02   0.65370639E-01
      0.5100000000E+06          51000
         1  -0.31518020E-02   0.22741664E-01
         2  -0.30072228E-02   0.26912591E-01
         3  -0.62760196E-02   0.29227261E-01
         4   0.13926371E-01   0.36196470E-01
         5   0.13883383E-01   0.36480967E-01
         6   0.14173930E-01   0.36730457E-01
         7   0.14252038E-01   0.36561866E-01
         8   0.14348807E-01   0.36377219E-01
         9  -0.26304937E-01   0.22560755E-01
        10  -0.54602346E-02   0.15625199E-01
      0.5160000000E+06          51600
         1  -0.90775758E-02  -0.30740056E-01
         2  -0.96087802E-02  -0.27765335E-01
         3  -0.13744196E-01  -0.26787108E-01
         4   0.15964786E-01   0.36777562E-01
         5   0.15924406E-01   0.37060199E-01
         6   0.16237455E-01   0.37323603E-01
         7   0.16317259E-01   0.37158607E-01
         8   0.16416576E-01   0.36978430E-01
         9  -0.34932646E-01  -0.11051886E-01
        10  -0.10535619E-01  -0.36229616E-01
